50 30
0 0 0 0 0 0 0 0 0 0 0 0 3 1 1 0 0 0 0 0 0 0 0 0 0 0 0 0 0 0 
0 3 1 1 0 0 0 0 0 0 0 0 1 1 1 0 3 1 1 0 0 0 0 0 0 0 0 1 1 1 
0 1 1 1 0 0 0 0 1 1 1 3 3 3 1 0 1 1 1 0 0 0 0 0 0 0 0 1 1 1 
0 1 1 1 1 0 0 0 1 3 1 1 0 0 0 0 1 1 1 0 0 0 0 0 0 0 0 1 1 1 
0 0 0 1 1 0 0 0 1 1 1 3 0 0 0 1 1 1 3 1 1 3 0 0 0 0 0 0 0 0 
0 1 1 1 1 1 1 1 3 1 1 3 0 0 0 3 1 1 2 3 1 3 0 0 0 0 0 0 0 0 
0 1 1 1 1 1 1 1 1 1 1 1 0 0 0 1 2 1 1 1 1 1 0 0 0 0 3 1 1 1 
0 3 1 1 2 1 1 1 3 3 1 1 0 1 2 1 1 1 1 1 1 1 0 0 0 0 1 1 3 3 
0 1 1 1 1 3 1 1 1 1 1 1 0 3 3 0 0 0 0 0 0 0 0 0 0 0 1 1 1 1 
0 0 0 0 0 0 3 1 1 1 0 0 0 0 0 0 0 0 0 0 0 0 0 0 0 0 1 1 1 1 
0 1 3 0 0 0 1 1 0 0 0 0 0 0 0 0 0 1 1 1 0 0 0 0 0 0 0 1 1 1 
0 1 2 0 0 0 0 0 0 0 0 0 0 0 1 1 0 1 1 1 0 0 0 0 0 0 0 3 1 1 
0 0 0 0 0 0 0 0 0 0 0 0 0 0 1 1 0 1 1 1 1 0 0 0 0 0 0 1 1 1 
0 0 1 1 1 1 0 0 0 0 0 0 0 0 0 0 0 0 0 1 1 0 0 0 0 0 0 0 0 0 
0 0 2 1 1 1 0 0 0 0 0 0 0 0 0 0 0 1 1 0 0 0 0 0 0 0 0 0 0 1 
0 0 1 1 1 1 0 0 0 0 0 0 0 0 0 0 0 3 1 0 0 0 2 1 2 1 0 0 0 1 
0 0 1 1 1 1 1 1 1 0 0 0 0 0 0 0 3 1 0 0 0 0 1 1 2 1 0 0 1 1 
0 0 1 1 1 1 1 1 3 1 1 1 1 1 3 0 3 1 0 1 1 1 3 1 1 1 0 0 1 1 
0 0 1 3 1 1 1 1 1 1 1 1 1 1 1 0 0 0 3 1 1 1 1 1 1 1 0 0 1 1 
0 0 1 1 1 3 1 1 3 3 1 1 1 1 1 0 0 0 1 1 1 3 1 3 1 0 0 0 0 0 
0 0 3 1 1 1 1 0 0 0 0 3 1 1 1 0 0 0 1 1 1 1 1 3 0 0 0 0 0 0 
0 0 0 3 1 1 1 0 0 0 0 0 0 0 1 1 0 0 1 1 1 2 1 0 0 0 0 0 0 1 
0 0 0 1 1 1 1 0 0 0 0 0 0 1 1 3 1 0 1 1 3 1 3 0 3 1 0 0 0 1 
0 0 0 1 3 1 1 0 0 0 0 0 0 1 1 1 1 0 0 3 3 1 3 1 1 1 0 0 0 0 
0 0 0 1 3 1 1 0 0 0 0 0 1 1 1 1 1 0 0 0 1 1 2 1 1 2 3 0 0 0 
0 0 0 3 1 1 3 0 0 0 0 0 1 1 2 1 1 0 0 0 1 1 1 3 1 1 1 0 0 0 
0 0 0 1 1 1 1 0 0 0 0 0 0 0 0 0 0 0 0 0 0 0 0 0 1 1 1 1 0 0 
0 0 0 1 3 1 0 0 0 0 0 0 0 0 0 0 0 0 0 0 0 0 0 0 0 0 1 1 0 0 
0 0 0 1 1 0 0 0 0 0 1 1 0 0 0 0 0 0 0 0 0 0 0 0 0 0 0 0 0 0 
0 0 1 1 1 0 0 0 0 0 1 1 0 0 0 0 0 0 0 0 0 0 0 0 0 0 0 0 0 0 
0 0 1 1 1 3 1 0 1 1 0 0 0 0 0 0 0 0 0 0 0 0 1 3 1 1 1 0 3 1 
0 0 3 3 1 3 3 0 1 1 1 1 1 1 0 1 1 1 1 1 1 1 1 1 1 1 1 0 1 3 
0 0 0 0 1 1 1 1 1 0 1 1 1 1 0 1 1 3 3 1 1 1 1 1 1 1 1 0 1 3 
0 0 0 0 0 0 0 1 1 0 0 1 1 1 1 1 1 1 1 0 1 1 1 1 1 2 0 0 3 1 
0 0 0 0 0 0 0 0 0 0 0 1 1 1 1 3 1 1 1 0 1 1 3 1 3 1 1 0 0 0 
0 0 0 0 0 0 0 0 0 0 0 1 1 1 2 1 1 3 1 0 0 0 0 1 1 1 1 0 0 0 
0 0 1 3 1 1 1 3 0 0 0 1 1 1 1 1 2 1 1 0 0 0 0 3 1 1 1 0 0 0 
0 0 1 3 1 1 1 1 0 0 0 0 0 0 0 1 1 3 1 0 0 0 0 3 1 3 1 0 0 0 
0 0 3 1 1 1 0 0 0 0 1 1 1 1 0 2 1 1 1 0 1 1 1 0 0 0 0 0 0 0 
0 0 1 1 1 1 0 0 0 0 1 2 3 1 0 0 0 1 1 1 1 1 1 0 0 0 0 0 0 0 
0 0 0 0 0 0 0 0 0 0 1 1 3 1 0 1 1 1 3 1 1 1 1 0 0 0 0 0 0 0 
0 0 0 0 0 1 1 3 0 0 1 1 1 1 1 1 1 1 3 1 0 0 0 0 1 1 1 3 0 0 
0 0 0 0 0 1 1 1 1 0 0 0 0 1 1 3 0 0 0 0 0 0 0 0 1 1 1 1 0 0 
0 0 0 0 0 1 1 1 1 0 0 0 0 3 1 1 0 0 1 3 1 1 1 1 1 1 1 1 0 0 
0 0 0 0 0 1 2 1 1 0 0 0 0 1 1 2 1 0 1 2 1 3 1 1 2 1 1 1 0 0 
0 0 0 0 0 1 1 1 1 1 2 0 0 1 1 1 1 0 3 1 1 1 1 1 1 0 0 0 0 0 
0 0 0 0 0 1 1 3 1 1 3 0 0 1 1 1 1 0 3 1 1 1 2 1 1 0 0 0 0 0 
0 0 0 0 0 1 1 1 1 1 3 0 0 1 1 1 1 0 0 0 0 2 1 1 1 0 0 0 0 0 
0 0 0 0 0 0 0 0 0 0 0 0 0 1 3 1 1 0 0 0 0 2 1 1 1 0 0 0 0 0 
0 1 1 1 1 0 0 0 0 0 0 0 0 1 3 1 1 0 0 1 1 1 1 1 1 0 0 0 0 3 
50
26 4
50 15
26 7
41 13
21 24
31 29
7 27
10 7
8 2
3 14
24 21
46 19
38 24
28 5
9 6
4 10
22 4
18 17
26 24
8 30
6 20
6 12
44 14
8 9
3 12
35 16
47 19
21 12
8 29
24 5
32 30
35 25
2 2
23 25
34 29
19 19
6 22
47 11
2 17
47 8
23 16
37 4
5 22
38 4
31 6
20 9
25 27
20 10
39 3
1 13
