100
1 64573942
1 1449862
1 87338716
1 80126539
1 91253884
1 42172444
1 90983867
1 50069681
1 70293978
1 68432507
1 14797388
2 14797388
1 48153021
1 72360181
1 29543684
1 81758638
2 87338716
2 42172444
2 1449862
1 44622175
1 56872571
1 5295153
2 64573942
1 92891650
1 92674104
2 91253884
1 98364716
1 12160380
1 26408712
1 3396417
2 72360181
2 87338716
1 26857578
1 17284219
1 69352746
1 37283447
1 31378165
1 90726736
1 58076778
2 68432507
1 56314114
1 54546361
1 80478955
2 70293978
2 81758638
1 94317763
2 64573942
1 22335929
1 20266073
1 98656115
1 78942648
2 87338716
2 12160380
1 2057236
1 26390271
1 72586150
1 57132489
1 63653015
1 93615180
1 16436803
2 87338716
1 52633755
1 4858847
1 72595417
1 49994509
1 62936457
1 18987635
2 98364716
2 93615180
1 60825806
1 35047828
2 20266073
2 42172444
2 20266073
2 72360181
1 8252441
1 45605093
2 54546361
1 73756322
1 8643428
1 95772874
1 86622657
2 98364716
1 44319958
2 22335929
2 44319958
1 67599759
1 21764164
1 57075084
1 41022122
1 3742869
1 14429874
2 22335929
2 49994509
1 15232137
1 30423440
2 41022122
2 72360181
2 8252441
1 57339316
