50
1 6909281
1 48515882
1 73683622
1 20400938
1 77483062
1 2514928
1 48310624
1 98857912
1 67251025
1 77810320
1 58766586
1 46490601
2 67251025
1 92628297
1 41091229
1 71376194
1 62128216
1 88970820
1 67890709
2 77810320
1 82618136
2 98857912
1 39822909
1 89634075
1 10517516
1 89766308
2 20400938
1 92127874
2 67890709
1 4490483
1 18970271
2 82618136
1 50642539
1 15514489
1 22571273
1 19411563
2 62128216
1 51789854
1 66472032
1 42715219
1 78538872
2 6909281
2 73683622
1 44247249
1 97007100
1 86400424
1 78330921
1 6830685
2 82618136
1 9281249
