20 12
00000000000000000000
10000000001111111110
11000100000111111100
11101110000011111000
11000000000001110000
10000000000000100000
00000000000000000110
00011111000001000110
00011111000011100000
00011111000111110111
00011111000011100111
00011111000001000111

20 12
00000000000000000000
10000000001111111110
11000100000111111100
11101110000011111000
11000000000001110000
10000000000000100000
00000000000000000000
11111000000000100000
11111000000001110000
11111000000011111000
11111000000001110000
11111000000000100000

20 12
00000000000000000000
00100000001111111110
01110000000111111100
11111000000011111000
00000000000001110000
00000000000000100000
00000000000000000000
00011111000000000000
00011111000000000000
00011111000000000000
00011111000000000000
00011111000000000000

20 36
00000000000000000000
10000000001111111110
11000100000111111100
11101110000011111000
11000000000001110000
10000000000000100000
00000000000000000110
00011111000001000110
00011111000011100000
00011111000111110111
00011111000011100111
00011111000001000111
00000000000000000000
10000000001111111110
11000100000111111100
11101110000011111000
11000000000001110000
10000000000000100000
00000000000000000000
11111000000000100000
11111000000001110000
11111000000011111000
11111000000001110000
11111000000000100000
00000000000000000000
00100000001111111110
01110000000111111100
11111000000011111000
00000000000001110000
00000000000000100000
00000000000000000000
00011111000000000000
00011111000000000000
00011111000000000000
00011111000000000000
00011111000000000000

10 5
1111111110
0111111100
0011111000
0001110000
0000100000